acc = 0.8859603066260632
f1 = 0.8868916219909597
loss = 0.27131232899683777
recall = 0.8878248974008208
