acc = 0.5531934141487245
f1 = 0.5949311669990758
loss = 1.2373954958172255
recall = 0.6434810059981059
