acc = 0.6490952732644018
f1 = 0.6837831266715294
recall = 0.7223877530052399
